//注释只能单独占一行
//每个楼层最多能有100个事件
//
//事件类型1，当指定点存在指定物品/怪物时，使指定点出现指定物品/怪物
//类型，楼层
1 2
//指定点的个数,指定点坐标,空格分隔
2 6 2 8 2
//分别存在的物品/怪物ID
1 1
//指定点的个数,坐标
6 5 5 5 8 5 11 9 5 9 8 9 11
//ID
1 1 1 1 1 1
//
1 8
2 9 5 11 5
1 1
1 10 4
1
//事件类型2,当勇士运动到某个点的时候,指定点出现指定物品/怪物,同时可以选择弹出对话框
//类型，楼层
2 10
//勇士运动到的位置坐标
6 5
//是否需要弹出对话框,如果为0,下一行不填,1先显示对话框再显示更改,2先应用更改再显示对话框
1
//对话框的内容
哈哈哈，你是如此地幸运能安全到达这里。但现在好运远离你而去了，你中埋伏了，弟兄们给我上。
//指定点的个数,坐标,如果是0,下一行(ID)填写0
19 1 3 2 3 3 3 2 4 9 3 10 3 11 3 10 4 5 4 5 5 5 6 6 4 6 6 7 4 7 5 7 6 6 1 6 3 6 7
//ID
1 1 1 1 1 1 1 1 14 14 14 15 14 15 14 14 32 19 19
//10层陷阱解决
1 10
9 6 1 5 4 5 5 5 6 6 4 6 6 7 4 7 5 7 6
32 1 1 1 1 1 1 1 1
1 6 3
1
//10层走到队长面前
2 10
6 2
1
你怎能杀出重围?我是决不会让你通过的,来吧,我要与你决斗!
0
0
//10层消灭队长
2 10
6 1
1
不,这是不可能的,你怎会打败我!你别太得意,后面还有许多强大的对手和机关存在,你稍有疏忽就必死无疑.
16 4 4 8 4 6 7 1 3 2 3 3 3 9 3 10 3 11 3 1 4 2 4 3 4 9 4 10 4 11 4 6 11
1 1 1 7 7 7 8 8 8 6 6 6 9 9 9 27
//3层,魔王的陷阱1
2 3
5 9
2
魔王Zeno说:"欢迎来到魔塔,你是第一百位挑战者,你若能打败我所有的手下,我就与你一对一地决斗.现在你必须接受我的安排。"
5 5 7 5 8 5 10 4 9 6 9
33 24 24 24 24
//3层，魔王的陷阱2
2 3
5 9
1
什么？
5 5 7 5 8 5 10 4 9 6 9
1 1 1 1 1
//事件类型3,当勇士运动到某个点的时候,移动到指定楼层的指定点,可选择显示对话框
//4层被打死
//类型,楼层
3 3
//勇士需要移动到的触发点
5 9
//是否显示对话框,0不显示,并且下一行直接填写移动楼层,1先显示对话框再移动,2先移动再显示对话框
2
//对话内容
---喂!醒醒!
//需要移动到的楼层和坐标
2 3 8